cam0:
  T_cam_imu:
  - [0.6969015682722561, -0.7170872409189418, 0.010681434872237716, -0.014749206693781495]
  - [0.0019575876178878904, -0.012991818161012803, -0.9999136865307874, 0.05130849894538593]
  - [0.7171641178910088, 0.6968623261248459, -0.007650257347349532, -0.10249763507868771]
  - [0.0, 0.0, 0.0, 1.0]
  cam_overlaps: [1, 3]
  camera_model: omni
  distortion_coeffs: [-0.12926686180695338, 0.990047020891122, -0.0026521118541533747, -0.0006792340036104488]
  distortion_model: radtan
  intrinsics: [3.2319320686927226, 1665.0819436630857, 1665.137666695729, 553.5253790843551, 632.0131807160914]
  resolution: [1088, 1280]
  rostopic: /fisheye/left/image_raw
cam1:
  T_cam_imu:
  - [-0.7219761530594434, -0.6919099137008995, -0.003332526954217152, 0.008752659937639184]
  - [0.002364108872850601, 0.0023495518438819835, -0.9999944452822574, 0.051907303821231106]
  - [0.6919139002814758, -0.7219800211422379, -6.057003546609818e-05, -0.10926836343534697]
  - [0.0, 0.0, 0.0, 1.0]
  T_cn_cnm1:
  - [-0.007022138511678766, 0.010908075517219108, -0.9999158481888548, -0.0943995977329311]
  - [-0.0107186580079515, 0.9998822352924349, 0.01098298307000399, 0.001572485294564616]
  - [0.9999178966001334, 0.010794880041856057, -0.006904391620596528, -0.09578192060559175]
  - [0.0, 0.0, 0.0, 1.0]
  cam_overlaps: [0, 2]
  camera_model: omni
  distortion_coeffs: [-0.15357120423805243, 1.1780395898078402, -0.0009779794191900764, -0.0012559140112346303]
  distortion_model: radtan
  intrinsics: [3.2266084565044717, 1665.6327853261078, 1665.3834900206157, 548.2042184789403, 631.1063184604991]
  resolution: [1088, 1280]
  rostopic: /fisheye/right/image_raw
cam2:
  T_cn_cnm1:
  - [0.01035086574500288, 0.0005224263004034958, -0.9999462918822658, -0.095597931927302]
  - [0.004948101390029143, 0.9999875935220076, 0.0005736677627296918, -0.0005876321747743929]
  - [0.9999341857697269, -0.004953773594811368, 0.010348152308911618, -0.0949428045515453]
  - [0.0, 0.0, 0.0, 1.0]
  cam_overlaps: [1, 3]
  camera_model: omni
  distortion_coeffs: [-0.1466376446497549, 1.3339812285156563, -0.0034427680994090905, -0.0005736195487078417]
  distortion_model: radtan
  intrinsics: [3.2503726002793285, 1671.507792106326, 1671.5970893427514, 562.4347045749527, 666.8341384012343]
  resolution: [1088, 1280]
  rostopic: /fisheye/bright/image_raw
cam3:
  T_cn_cnm1:
  - [-0.005303528380077638, 0.0013117642265688956, -0.9999850758193116, -0.09499262377554125]
  - [-0.0362069592666126, 0.9993431829170961, 0.001502949703735882, 0.001696137049683911]
  - [0.999330240054511, 0.036214389843817585, -0.005252549938118967, -0.09531560980043366]
  - [0.0, 0.0, 0.0, 1.0]
  cam_overlaps: [0, 2]
  camera_model: omni
  distortion_coeffs: [-0.13853335188813692, 1.0504580641715253, 0.0009876529767145724, 0.0008322884708965383]
  distortion_model: radtan
  intrinsics: [3.2361304369820965, 1665.1030377408422, 1664.732218667937, 543.2822724860349, 618.1808911297733]
  resolution: [1088, 1280]
  rostopic: /fisheye/bleft/image_raw
